TT	ID	AT	WT	ST
5	1	1	4	0
5	7	1	4	0
5	8	2	3	0
5	10	4	1	0
5	9	2	3	0
10	5	1	9	0
10	13	9	1	0
10	11	8	2	0
15	4	1	14	0
15	14	9	6	0
15	17	15	0	0
15	15	12	3	0
15	16	14	1	0
20	12	8	12	0
20	21	20	0	0
20	19	18	2	0
20	22	20	0	0
20	20	18	2	0
20	6	1	19	0
20	23	20	0	0
20	18	18	2	0
25	25	25	0	0
30	26	28	2	0
30	27	28	2	0
35	28	29	6	0
35	29	31	4	0
35	30	31	4	0
52	24	21	3	28
53	3	1	3	49
***********************************
***********************************
Passengers: 21	[V: 11, P: 10]
Cargos: 8
Avg Wait = 3.86
Avg Serv = 2.66
AutoS: 0.00%
