TT	ID	AT	WT	ST
4	6	1	0	3
6	3	1	0	5
10	12	7	0	3
14	7	1	7	6
14	11	7	4	3
15	5	1	0	14
19	4	1	0	18
23	1	1	0	22
23	2	1	0	22
24	19	18	0	6
27	14	9	12	6
27	20	18	0	9
29	18	18	5	6
35	25	25	7	3
40	23	20	6	14
41	26	28	3	10
41	13	9	29	3
44	21	20	18	6
47	29	31	0	16
48	24	21	3	24
53	22	20	24	9
55	8	3	12	40
56	16	14	34	8
56	28	29	22	5
67	17	15	12	40
79	10	3	12	64
80	27	28	12	40
83	9	3	65	15
***********************************
***********************************
Passengers: 19	[V: 10, P: 9]
Cargos: 9
Avg Wait = 10.25
Avg Serv = 15.00
AutoS: 40.00%
