TT	ID	AT	WT	ST
48	6	1	19	28
55	16	14	18	23
56	24	21	3	32
66	25	25	25	16
72	5	1	61	10
87	19	18	6	63
93	1	1	82	10
95	23	20	4	71
95	20	18	6	71
95	12	8	39	48
107	22	20	79	8
107	8	2	25	80
125	21	20	25	80
130	13	9	25	96
137	2	1	24	112
138	3	1	25	112
146	26	28	2	116
165	9	2	135	28
178	11	8	10	160
202	4	1	136	65
229	27	28	25	176
318	15	12	258	48
318	28	29	251	38
329	18	18	301	10
339	29	31	259	49
***********************************
***********************************
Passengers: 20	[V: 11, P: 9]
Cargos: 5
Avg Wait = 73.72
Avg Serv = 62.00
AutoS: 54.55%
