TT	ID	AT	WT	ST
9	5	1	0	8
18	12	8	0	10
28	1	1	0	27
31	14	9	3	19
32	3	1	0	31
36	4	1	0	35
36	11	8	16	12
49	7	1	9	39
54	8	2	16	36
58	18	18	14	26
61	22	20	20	21
71	19	18	43	10
75	26	28	8	39
75	6	1	0	74
79	2	1	0	78
80	27	28	16	36
86	20	18	50	18
95	9	2	89	4
96	17	15	0	81
113	25	25	16	72
121	13	9	16	96
150	10	4	96	50
167	15	12	93	62
192	21	20	16	156
222	16	14	16	192
225	29	31	149	45
242	23	20	172	50
312	24	21	3	288
334	28	29	252	53
***********************************
***********************************
Passengers: 21	[V: 12, P: 9]
Cargos: 8
Avg Wait = 38.38
Avg Serv = 57.52
AutoS: 58.33%
