3
1	1	2
7	4	6
4	12
36
A	P	1	1	0	2	1
A	P	1	2	2	1	8
A	P	1	3	2	0	7
A	P	1	4	0	2	4
A	P	1	5	1	2	1
A	V	1	6	1	0
A	V	1	7	2	1
A	P	2	8	1	0	5
A	P	2	9	1	0	9
A	V	4	10	0	1
S	4	6
L	6	7
L	7	10
A	P	8	11	2	1	2
A	P	8	12	2	1	3
A	P	9	13	1	2	6
A	P	9	14	2	0	5
A	V	12	15	1	2
A	P	14	16	1	0	2
A	V	15	17	1	0
A	V	18	18	2	0
A	P	18	19	2	1	9
A	P	18	20	0	2	7
L	20	15
A	P	20	21	1	0	8
A	P	20	22	0	1	4
A	P	20	23	1	0	6
A	P	21	24	2	1	10
S	24	17
A	P	25	25	0	2	7
S	25	18
A	P	28	26	1	0	10
A	P	28	27	0	2	3
A	C	29	28	2	1
A	C	31	29	0	2
A	P	31	30	1	0	5
